fas,sdf,
80,(102),
80,(102),
80,(102),
80,(102),
80,(102),
80,(102),
80,(102),
80,(102),
80,(102),
81,(102),
81,(102),
81,(,
81,(,
81,(,
81,(,
81,(99,
81,(98,
80,(98,
80,(98,
80,(98,
79,(98,
79,NaN,
79,NaN,
79,NaN,
79,NaN,
79,NaN,
79,(93,
80,(99,
80,(99,
80,(99,
81,(99,
81,(95,
81,(95,
81,(95,
81,(95,
80,(95,
80,(101),
79,(101),
79,(101),
79,(101),
79,(101),
79,(96,
79,(96,
78,(96,
78,(96,
78,(96,
78,NaN,
78,NaN,
78,NaN,
78,NaN,
78,NaN,
78,NaN,
79,NaN,
79,NaN,
79,NaN,
78,NaN,
78,(97,
78,(97,
78,(97,
78,(97,
78,(97,
78,(97,
78,(97,
78,(97,
78,(97,
78,(97,
78,(99,
78,(99,
78,(99,
78,(99,
78,(99,
78,NaN,
78,NaN,
78,NaN,
78,NaN,
78,NaN,
78,NaN,
78,NaN,
78,NaN,
78,NaN,
78,NaN,
78,NaN,
78,NaN,
78,NaN,
78,NaN,
78,NaN,
78,NaN,
78,NaN,
78,NaN,
78,NaN,
78,NaN,
78,NaN,
78,NaN,
78,NaN,
78,NaN,
78,NaN,
78,NaN,
