TL,TR,BL,
80,80,97,
80,80,97,
80,80,97,
80,80,97,
80,80,97,
80,80,97,
80,80,97,
80,80,97,
80,80,97,
80,80,97,
80,80,97,
80,80,97,
79,79,97,
79,79,97,
79,79,97,
79,79,98,
79,79,98,
79,79,98,
79,79,97,
79,79,97,
80,80,97,
80,80,97,
80,80,99,
80,80,99,
81,80,99,
81,81,99,
81,81,99,
81,81,99,
81,81,99,
81,81,99,
81,81,98,
80,80,98,
80,80,98,
80,80,98,
79,79,97,
79,79,97,
79,79,97,
79,79,97,
79,79,97,
79,79,97,
79,79,97,
79,79,97,
80,80,98,
80,80,98,
81,81,98,
81,81,98,
81,81,98,
81,81,99,
81,81,99,
80,80,99,
80,80,99,
79,79,99,
79,79,99,
79,79,99,
79,79,99,
79,79,97,
79,79,97,
79,79,97,
78,78,97,
78,78,98,
78,78,98,
78,78,98,
78,78,99,
78,78,99,
78,78,99,
78,78,99,
78,78,99,
79,79,99,
79,79,99,
78,78,99,
78,78,98,
78,78,98,
78,78,98,
78,78,98,
78,78,98,
78,78,98,
78,78,98,
78,78,98,
78,78,98,
78,78,98,
78,78,98,
78,78,98,
78,78,98,
78,78,98,
78,78,98,
78,78,98,
78,78,97,
78,78,97,
78,78,97,
77,77,97,
77,77,97,
77,77,97,
78,78,97,
78,78,97,
78,78,97,
79,79,98,
80,80,98,
80,80,98,
81,81,98,
81,81,98,
81,81,98,
81,81,98,
81,81,98,
81,81,99,
81,81,99,
80,80,99,
80,80,97,
80,80,97,
80,80,97,
80,80,97,
80,80,97,
80,80,97,
